"admin"	"sex"	"Model"	"Segment"	"Segment Start"	"Segment End"	"APC"	"APC 95% LCL"	"APC 95% UCL"	"APC Significant"	"P-Value"
Buenos Aires	Female	0	0	2010	2022	-9.2744	-11.5790	-6.9505	1	0.000000
Buenos Aires	Male	0	0	2010	2022	-7.3949	-9.5337	-5.1849	1	0.000000
Catamarca	Female	2	0	2010	2015	10.7043	-7.0815	79.3228	0	0.198760
Catamarca	Female	2	1	2015	2018	-51.3389	-64.2374	-23.1378	1	0.001600
Catamarca	Female	2	2	2018	2022	88.9706	39.9158	242.3974	1	0.000000
Catamarca	Male	2	0	2010	2015	35.7629	10.3699	145.0398	1	0.008398
Catamarca	Male	2	1	2015	2018	-58.1999	-72.4893	-26.3388	1	0.002400
Catamarca	Male	2	2	2018	2022	105.0879	35.2228	450.9963	1	0.001200
Córdoba	Female	1	0	2010	2020	-5.3740	-13.2727	-2.8035	1	0.016397
Córdoba	Female	1	1	2020	2022	25.2414	-0.9555	41.8706	0	0.077984
Córdoba	Male	2	0	2010	2014	-0.8868	-5.7687	10.9583	0	0.815437
Córdoba	Male	2	1	2014	2020	-10.5625	-17.1485	-8.1766	1	0.000000
Córdoba	Male	2	2	2020	2022	44.4357	23.4345	61.7392	1	0.000000
